-1001300027599
-1001325488699
-1001320804136
-1001552296979
-1001298504199
-1001434792768
-1001478277738
-1001350709511
-1001348664765
-1001325488699
-10014132660021236932007
1236932007
2138056856
1176240952
1755367586
1759367733
1606803100
2133595428
1081389716
1408795829
1762195232
1087968824
882170924
1370833970
1175178248
1984093069
1388265048
613671897
1248184928
806435299
1991635913
1193859849
1172361678
1833518250
708122258
1694929313
774950710
1936563528
1251603861
1976722241
1579616176
1184314214
1887258668
1022105608
954991049
1352178873
1923516239
2102164189
1322150134
1424340921
980182231
1814026190
1339806427
1813614620
1260848319
1558964427
1202064253
1460766710
1652439638
1426896093
2028147588
2076923389
1955267542
1446611484
1714720425
1911115638
1783568649
1656447537
820000893
1634643471
2007064378
2143523389
791631365
1511574812
1056159067
1991242098
1944539858
1960307821
1924222007
1424424915
1804782899
2051670095
248705284
731997824
1382349479
1279055541
1891411845
1441271788
578074534
862271564
963109941
1268206396
1535505852
2121930309
884324962
836908643
1662077320
1050655383
1398983569
2081632749
722472395
1531984152
1539190030
1198529636
2021644617
1229982801
1110440443
1818462984
1870203518
1689431903
876903562
1687593507
1603529478
1076515841
1323621945
2115211809
2066043724
1177308656
1777118899
1790063540
2093165181
1963925015
1606746143
1484002050
925670501
1975502233
893904529
973933121
1753813295
1888642655
1279582581
1856729572
1229542495
1737821926
1617581556
2018327763
1097172212
1189938487
1427979929
2082813817
2020177535
1785532597
974047772
1215443298
1206872613
2069298636
1472145668
1827016747
1768871741
798353219
1159042984
1950940190
2111433498
1706114805
933600057
792612518
974091917
1725971254
1558927049
858368483
1833775610
1855184968
1110411510
1721110546
1604548280
1981863218
1173320562
1567013058
1207734260
1351175387
1204332666
1765507156
1586727653
2117154970
1301603166
1317308981
1014552324
1073944043
1512910954
1941968251
1941023119
1317173146
1575702542
661537885
1890663481
1180844616
1657703575
1767396893
847989331
2068383922
1779176885
1623040127
1088107571
842211815
756768128
1944518998
842289810
1465251159
1095177296
2010552918
1105970360
1274413741
1915439809
1473470385
1343431815
882529911
706426880
2134224443
2043863025
2052334518
1620082166
1395399772
1226968377
1648785275
989052410
1234827717
928788765
966607076
2087082732
843030732
1364259404
791407710
1808499619
1870629542
1604978030
1864048280
1341453617
1041307787
970938339
1996811916
1235013282
610442096
1177586331
1701519402
1867732518
1263860212
1326014119
1172346284
1168768087
880417363
2007586869
2106926539
1458815448
1225974139
1859082585
1873949286
2003679940
388377409
1068256093
1049294025
1262469478
1073330112
1937604637
757128120
1838714953
954202118
2052201854
961944087
1102777717
1884171326
1978675677
1930935501
1720303502
1079834502
900753476
975359939
1170476983
873243470
1940709945
573686088
1360987397
1087148486
861051625
713992603
1432382659
621056621
1217102023
1051975123
1301175953
1877612918
753267381
1969022607
2055532042
1204290912
2008431739
1020013116
1198919884
894036753
1404426939
1108978366
1752697791
1749992912
706419936
63060282
1622521736
1914753015
1898074936
1973302184
2036633214
1402749131
2115251035
1142391559
1717145768
1621032064
676989886
1989941741
1047171445
1852184660
864649810
1024080216
1258618252
1444810691
1796951191
853402361
1124441963
1863805884
1023613203
1245602088
1439861894
2008271940
2053769145
1546095839
1863241238
912653598
2078846398
1646037476
1910792135
1648943295
696388075
2069866910
617459583
2127075334
771884926
718651171
666072980
673567513
1061450254
782622958
1732367531
1757370547
605148638
1717425681
708390149
1726572906
1696442023
1884870510
1553176397
559452741
1408848213
1313709978
739383008
2047336104
2005121614
594349905
677841923
1488667581
1169228814
1294063431
1614607327
1676823339
1993509914
1638371035
2047592320
1296435544
1950847731
1428589601
680241924
1438895325
1356235360
1978674614
1328144084
1440397863
1156608875
518387479
1579092117
1485771006
1773639173
1549509192
722120768
1279008467
1517731570
1037807509
704204584
756799650
2039536348
1172381267
1206287410
1473112304
1068909584
559899086
1845233024
1609274038
1219391821
1417463523
2099298305
1929873873
2031152523
548919299
1032396416
1889115118
746419185
1927155015
1596550170
1889292794
1114442585
1992264266
2107764579
1123657724
1543387168
757746803
854147842
709869844
1888189107
1060786683
1026622606
1073945962
1887622785
1349095038
1250118331
1795240740
1434664397
1915827468
1492129583
2099395958
739794780
1770454885
955268938
642040790
1354594128
2014695745
2034293244
1389335212
1136393121
594976861
1632612452
1315646307
1807475873
2123893180
932286659
1361280323
1615252664
1051725873
1880324775
1551785354
1046366497
871586593
1852595158
1337160775
1924140954
1440246117
1403492713
1202901211
1111991242
2012382087
897639941
1549578895
2047622425
1677410113
1321222407
1808831440
1014682129
1414003177
725825150
1204028347
1722150999
1781801724
1449466711
1163856857
1200324647
1951863115
1734384666
1206678580
1378345525
1452127424
2132824773
1475841659
1475151950
2046352885
978511411
1381117443
1957709672
1901869054
649436558
2011007576
1748621899
511718247
1968073309
1030548232
1463206248
1799425353
712992528
1820551947
967553661
1443591472
1063191807
1939556599
2101338276
1972138234
1675105344
1008144016
943274718
984074840
1833492828
1324149659
1926160565
1568764685
1906764065
1425476019
1702074117
2027889889
1083673684
2086412973
308354156
1219059028
1801199243
1134399662
1919194050
2110670157
1904231667
751533261
786889537
1906884271
1969424424
1853875336
1468454418
1936024882
1252367135
1945267738
1577333828
1037188706
1775733263
1620515021
1867472539
941439783
1128517130
1435314014
1623116411
1649131052
2058814233
1794008213
1980333324
1098365554
1483482076
802628548
1966109431
1279352955
756247487
2031097841
1331605473
2110684250
952296805
1101876529
2008063990
1250635475
1860211289
713873339
1170670191
998589133
1497744950
1708187364
1986840138
1848251379
1204360944
886768179
990611557
1719216268
1524900968
679933576
2136516627
1876688220
1974162565
2024968609
800633083
1648061976
1644442407
817033130
411873430
1237429507
1238844412
1276863082
1200532479
723559736
1302879856
903675771
1922522807
1242680378
870290227
2059609263
1591617953
1877662640
1727115384
1169733631
1997912543
783641393
1641566517
1470196752
1803314660
1690536719
599604283
1325156305
1518560373
1505551998
2060177086
2039492385
2138367359
2145087285
2114596330
1419957047
1000127017
763077658
1072096098
1057913310
1523685514
757795815
2037152719
413951915
1101233622
1581561259
661497211
1627162675
1596178988
2092103173
894309431
1837251348
432283748
370215655
1560817037
990254060
1245189451
695946839
2029141058
570891851
1376736521
1911223261
988757303
2032087002
1274778235
1001480926
1095083160
924212073
2039168835
1913351147
1108092595
1994339977
1557237649
1935627678
596020272
1288199905
1383705831
1137278950
2056727169
1966203031
581827891
1326251196
738864865
1374058330
880743614
1366770555
1845875276
844155520
2098020805
2136675873
726924095
1674865118
2144932292
2041763138
1865824039
1361332526
1993088222
899885207
1995896763
1277798523
1605990933
1017880639
629672605
1260898878
1686541304
1769303757
1372800860
938544998
1165744092
1737548780
1756521333
2033620206
1822178258
43806568
1724535789
1679500793
1839853188
695484426
1405961959
727849789
1619430075
1310160186
144824040
1872234703
1254478266
1537688044
1615275632
955005948
1913519735
1885267251
1092183721
1268911778
1349168221
1252086959
790208244
1844737911
1561006556
691190720
2091295835
1024558469
1852160125
1903550730
1395946752
977699210
1898913672
962158585
1255413611
1073323783
2018209598
2053660745
1974913362
1083821801
1161088106
1943091344
1368498249
2059126937
2136788297
725216970
994972261
1583229210
1157322281
1422136195
1798751374
912044230
1047319522
1907878725
1676924306
1423916212
1386131478
796992026
1281466433
1864150715
1200160164
1297722313
741806440
2097373049
1026003578
1559305509
1065259431
963597280
1988079951
1166549546
1469152765
1684173721
2044926173
1886389287
1593422745
1505514304
2017343082
1909116579
1662759768
786555393
1243427572
2018588126
1424074663
1256646561
1671287563
1385576025
1197746912
1823402292
1726765690
822711564
1423740229
1837016163
2060721147
1208056518
826677606
2059361810
1325292882
1747934823
1944735980
1057214469
1812189695
1966378905
1604032625
1159130419
540999477
1838496628
2058107866
1912012232
1957252076
1829748175
2007101022
1660366579
1856628113
1263648400
938190138
2085787809
1509936537
1908691048
1139024499
1380456674
1943358703
1949447156
2007934197
1991906173
2089511637
821953804
1745814299
1325654646
1383225306
1207825133
1456575464
1398637453
516489996
2001545157
674061354
1806679394
1162112671
2145435492
1380187188
1111898692
644587819
1671832959
898164324
1100809602
2135886465
1767006810
1263659616
1851161805
1323282641
1586249694
1710705212
1869924964
1652433350
2106753941
1299879104
1362141920
1298652145
1247058755
1162546571
902029110
995014516
1050865529
1805894179
1317978766
1017767081
1947684349
1492786313
1459319724
2088518537
1554575393
1729429653
1899886728
1043968037
69796417
1692945485
1102912379
1800071773
2036508789
812842818
1981800545
1686512827
2014653012
1496251045
861229060
1282225891
1948040666
1979641229
825656562
1317886395
1140910987
1889320631
2017629026
2044833983
614564505
1920081460
2131114320
1095814698
1344144034
1838509238
1795596358
1647222383
693417695
1207545746
1382328808
998580207
1439532400
2115031081
1660060709
1088204384
2121666085
1755332542
1950007539
2062493195
1283080704
1893374609
1010376064
901895888
1349949941
1248914388
1999368138
1905183156
1725644057
1365766425
1824329039
895148410
765618945
1005268112
1371967291
2088212282
1437241246
1902081496
1894891858
258006277
1907336329
1406493119
1918231506
2116070066
2061327784
1859524610
1988899251
732502458
921258002
1403987928
655975788
734043342
1760979850
1448885189
1794971899
2005240779
929614656
1608959563
1732426884
1031367079
2053222587
1595356718
1693830525
1475376216
866275628
1471990758
625827643
1300073509
2051309279
568901861
1698254006
1662947827
1790026317
2116338341
809161644
1826169391
359217982
1171457711
863849780
1201473048
1912155514
1147877199
2088295182
1196783096
1449161111
1533411919
1467704629
1690939206
1516377236
1259757060
1111269680
1698668356
1418331710
2116443256
928635897
1852511615
756787907
639090980
2102761875
450133748
1955800708
1165681107
1904990017
1980067092
1730988388
1946685729
1114546910
1895725690
1950494043
688516481
1096140446
1975258674
1800566356
1827687272
1054764779
1072931223
1247735753
1441898395
1891844825
1081938829
1951680685
1914016222
1667590291
1364102111
866140903
1084724906
1074006541
1131828999
1245421088
1035351575
1268905084
1134224749
629503382
1611523118
957680963
664418878
1172259707
1957857194
879636332
378084964
1565462110
777845882
1020705816
1084914763
1080195963
1054145051
821578690
1209835494
1730705532
1913091101
1794095929
2117230877
1318404520
1931210777
1937060410
1411460720
1197231723
1791134427
688268492
1986982248
2021780762
1443073622
678394772
1803178044
1589155159
1975500786
1500890974
1339926629
1173215828
826218602
1153121447
1836425746
608857735
823990878
1916340099
1635760201
1322398753
665991051
2014093074
837519952
1644318762
1935316360
1030377585
1291099109
1809854870
1185678414
895532784
1641689153
1758569501
1662994941
361216181
1097160839
1519013281
1598927425
896595579
1662367903
589667421
2138786075
1124963101
1854286065
1150490642
1144163962
1296715670
1167162816
1425984113
1223234160
1988599734
1474182001
1061545452
2009640466
1808950642
2143458285
1372375034
2144065293
1422465194
1664996646
2114958208
1556523233
818477402
1166528406
1270655048
581149854
1241137303
1420787187
1843955059
1137425824
1393735414
2140820422
1003033211
1769786331
1723076893
2082931907
1146553963
1001179134
2048206971
761873606
1070322398
1969204441
1194935948
1394544981
1467619795
1654087188
1566401460
732852298
2044458915
1613627879
1400041037
1416755480
1854777026
2054812425
1928529587
702855338
1205517624
821134336
1646729961
1638474326
496219800
1850728350
917912917
1920106908
1155723987
1445789271
1531636877
2143080389
1052829369
634260725
1839682611
369522176
988673281
1229061745
2035612095
1655609894
1365179957
318538768
1999076093
979306733
1897627513
1822892822
1674697614
1420603048
1014155715
1872979699
2078606639
1172117697
1452155008
1982569998
2120586138
1864912355
1246299140
1651261344
181524556
1874763489
1225477681
547999953
1594985064
1995382023
1003037946
1354738649
1952220836
1270772695
2122409889
89989962
893159030
861318791
1499220270
1383511114
812319041
1008983086
1317212131
1292963560
1268291504
1852707660
545168925
2014386942
1106566240
1602618639
1971817095
1558740023
1252058587
1732811912
1720513091
1258607838
1223286001
1019868678
1225134050
1557532909
1754309095
1133744154
840453993
1952590996
1316391376
2104480560
1899514062
1908753036
1267211678
930258943
1109004518
1819408157
2055239385
1056849277
914295210
1954654083
454610215
1021231129
1827249597
1473313228
612418499
1328110429
1524367393
1120329919
835465058
1001438288
1999023785
1495232558
559889930
1919572068
1468864212
1148174803
848177390
1820376355
1890452839
1745831056
2113674056
1413795871
589698626
1682520307
1102873883
1883844141
1380995253
1783730975
1652761974
665301219
1771710703
1785081908
1482333191
1982046905
1718214647
2107526319
1058487347
2094129417
1006711995
713734322
2019443957
1845866747
1427544674
1822154908
1864985157
1472936844
1688469793
915085509
2043085417
1466865705
1154863252
2066925088
1603666578
1293296167
1155786776
1928758101
965671330
910621769
662447024
1398286429
2133887179
1637836328
1341718356
1867442615
493941283
1822637933
2046859020
1009970570
2061559485
1414983109
1062481085
1968959100
1628567321
1879412520
1065916625
1641955620
1513400136
456083507
675063325
1069841048
1920254437
820197512
408934549
2076605784
1123823349
1019096266
1340868987
96993498
2009716470
1197161015
2005674206
1218932759
1983385698
2033286256
1230109085
1531322305
1840666236
2112347953
1829555444
1090319881
993967482
731327371
2070585537
1680570493
1020776746
477233970
1781037279
1085498642
1189128936
1632782982
755533554
1157257822
1097396570
1918585108
2105875035
1966869746
1540820524
1704910978
1961797828
1687617216
2088042917
2051703784
1740827152
1669983411
1774983292
1602669724
1031792179
1928407434
1851567092
2086498981
1982460336
2131769794
1982079982
1088410499
1184265544
2072892383
615037628
1642874066
2111879509
1640007015
2086358735
1804187696
968066484
1293141020
955832092
1822928765
225579080
1990600760
2089478029
2073566941
2137663135
1060236107
789263899
